x[0]=0.5	y[0]=0.25875000000000004
x[1]=1.1	y[1]=1.2127620000000001
x[2]=2.5	y[2]=6.233750000000001
sigma=0.010657872875119908