x[0]=-3.0	y[0]=0.14823411783549134
x[1]=-2.0	y[1]=0.9244831578288004
x[2]=-1.0	y[2]=0.8270351996316521
x[3]=0.0	y[3]=0.0
x[4]=1.0	y[4]=-0.8270351996316526
x[5]=2.0	y[5]=-0.9244831578287981
x[6]=3.0	y[6]=-0.14823411783549267
sigma=0.01182743635612138